0000012345
2000010345
3000010245
4000010235
5000010234
0005010234
0500010234
0405010203
0305010204
5004010203
5400010203
5040010203
5040001203
5042001003
5040001023
5043001020
5041000203
0543001020
0043501020
0503401020
0504301020
0504103020
0504003120
0504003102
0504203100
0504030102
0504010302
0504020310
0504000312
0504021300
0504020301
3004020501
3504020001
3054020001
3050420001
3050020401
3050402100
3050400201
3050402001
0050402130
0300402150
0350402100
0305042100
0305402100
0305002140
0305040120
0305040201
0305040210
3005040201
3400500201
3200504001
3500040201
3000504021
3000540201
3000504201
0130504020
0310504020
0350104020
3100504020
0300154020
0340150020
0300150420
0320150400
0300150402
0301050402
0300015402
0305010402
0304015002
0302015040
0300015042
0302510040
0302410500
0302010504
0302010540
1302000504
1002030504
1032000504
1030020504
1030250004
1030200054
1030200504
1030240050
0030241050
0130240050
0100243050
0103240050
0103024050
0103025040
0103042050
0103020045
0103020405
0103020504
4103020500
4013020500
4003020501
4010320500
4010300502
4010302005
4010302500
4010302050
0041302050
0041032050
3041002050
1040302050
2041030050
5041030200
0041030250
0104030205
0041030205
0401030205
4010020503
0004130205
0304100205
0004103205
0204103005
0004103025
0504013020
0504010320
0514003020
0524010300
0534010020
4500010302
4050010302
4005010302
4051000302
4050001302
4053001002
4050001032
0052401030
0452001030
0405102030
4052001030
0402501030
0405002130
0405302100
0405002103
0405020103
0405000213
0405030210
0405031200
0405201030
2405030001
2005030401
0405030201
2045030001
2040530001
2040500301
2040503001
2040030501
0240503100
0040503120
2040503100
0200503140
0204003150
0204503100
0204050130
0204050310
0204050301
2004050301
2400050301
2000450301
0204053100
2000405301
2300405001
2100405030
0120405030
2000405031
0210405030
2500400301
0200145030
0250140030
0200140530
0240105030
0200140503
0204010503
0230140500
0205014003
0201040503
0200014053
0203014050
0200014503
0203010450
0203510400
0203010405
1203000405
1003020405
1023000405
1020030405
1020300405
1020340005
1020300045
1020350040
0203410050
0020351040
0100352040
0102053040
0102350040
0102035040
0102034050
0102030054
0102030504
0102030405
5102030400
0120350040
5012030400
5010030402
5002030401
5010230400
5010203400
5010203040
5010200403
1050203040
5010203004
0051203040
2051003040
0051020340
3051020040
0051023040
4051020300
0501020304
0051020304
0005120304
0105020304
0005102304
0305102004
0205100304
0415002030
0005102034
0405012030
0425010030
0405010230
0435010200